-73.9962379173 40.7506993697
-73.9820117728 40.7174358600
-73.9497375453 40.7883028581
-73.9979699320 40.7214408585
-73.9753557257 40.7750736434
-74.0380077362 40.7017484141
-73.9257663596 40.7920553465
-74.0460344365 40.6938297692
-73.9205417591 40.8793576965
-73.9963291174 40.7309267572
-74.0236842920 40.6882471663
-73.9738069315 40.7647967541
-73.9333990165 40.8629949582
-73.9593083547 40.7907431626
-73.9545699311 40.7796641549
-73.9466406802 40.7677828329
-73.9672366683 40.8026452330
-73.9174538362 40.8588628804
-73.9383323114 40.8346973324
-73.9852032710 40.7182362029
-74.0221312677 40.6779445654
-73.9465474093 40.7874900885
-73.9242183330 40.7818099941
-73.9688797659 40.7931864652
-73.9367864174 40.8244405663
-73.9270207436 40.8613411147
-74.0412006360 40.7025484484
-73.9305977340 40.7834312208
-74.0076346692 40.7040592243
-73.9900349602 40.7095542875
-73.9158092634 40.8682818403
-73.9897622994 40.7688479439
-73.9513796162 40.7788528901
-73.9305034530 40.8031172431
-73.9145562391 40.7990467009
-73.9432624303 40.8063796678
-73.9431657246 40.8260804443
-74.0010712316 40.7420221222
-73.9591151629 40.8301860109
-73.9945959231 40.7601803949
-74.0124669367 40.6953599708
-74.0009788947 40.7618001655
-73.9993363211 40.7712826474
-73.9736177189 40.8042794516
-73.9978795557 40.7412161032
-73.9510910111 40.8379871031
-73.9189980529 40.8691094059
-73.9929535733 40.7696591788
-73.9818307808 40.7569448373
-73.9546626957 40.7599462666
-73.9882132184 40.7585619527
-73.9899458762 40.7293200709
-73.9755396942 40.7355832170
-73.9576655935 40.8001964129
-74.0428413589 40.6930312698
-73.9529277482 40.7891159602
-73.9286653025 40.8519144550
-74.0156593033 40.6961573779
-74.0027126256 40.7325347624
-73.9947781666 40.7206392016
-74.0122883885 40.7349492470
-73.9334988373 40.8433086676
-73.9626850717 40.7521014352
-73.9706160583 40.7639875118
-74.0075456291 40.7238478044
-73.9961449139 40.7704707466
-73.9480951205 40.7977505972
-74.0188517365 40.6969551127
-74.0444817236 40.6835118374
-74.0028023341 40.7127528519
-73.9994294816 40.7515072393
-74.0044425474 40.7032606167
-73.9447115276 40.8363415452
-73.9784517784 40.7956327713
-73.9932267035 40.7103534365
-74.0396483478 40.6922330989
-73.9883049285 40.7388000292
-73.9563037039 40.7504896106
-73.9914964042 40.7396050568
-73.9785466206 40.7758853933
-73.9161978961 40.7896195055
-73.9077871866 40.8760408155
-73.9398776945 40.8449558699
-73.9642345125 40.7623700210
-74.0172991364 40.6866550862
-73.9867543558 40.7285172219
-73.9562117599 40.7702101197
-73.9946879466 40.7404104148
-73.9369774031 40.7850537726
-73.9594022537 40.7710198776
-73.9414225665 40.8552161786
-73.9225768047 40.7912430680
-73.9769040081 40.7853523159
-73.9707078076 40.7442483258
-73.9449050966 40.7969359919
-73.9834723280 40.7474712032
-73.9945020966 40.7799491374
-73.9289559816 40.7928679568
-73.9769978715 40.7656063281
-74.0154804428 40.7357547364
-73.9804601316 40.7071588058
-73.9386190260 40.7756111467
-73.9674252520 40.7631786008
-73.9819221777 40.7371909638
-74.0155707763 40.7159566725
-73.9479990763 40.8174579983
-73.9402602952 40.7661662954
-73.9658758560 40.7529078426
-73.9560224784 40.8096474318
-73.9495452994 40.8277216635
-74.0253239899 40.6787389091
-73.9514722239 40.7591390095
-73.9675168447 40.7434434314
-73.9788203415 40.7166358452
-73.9739889427 40.7253091151
-74.0187630536 40.7167584505
-73.9206427384 40.8596886214
-73.9800948578 40.7861662424
-73.9930464199 40.7498918316
-74.0204038236 40.7072569367
-73.9803715155 40.7269125110
-74.0090045745 40.7539328384
-73.9655932165 40.8121017666
-73.9368828077 40.8047477889
-74.0012504924 40.7024623369
-73.9481893682 40.7780419571
-73.9418090731 40.7764210856
-73.9462568193 40.8466044191
-73.9317538799 40.8724230484
-73.9625928144 40.7718299670
-73.9624987582 40.7915572635
-73.9722576254 40.7545216482
-73.9321456706 40.7936808990
-73.9849286108 40.7775098914
-73.9177455477 40.7998601448
-73.9752610408 40.7948170019
-73.9511890095 40.8182769414
-74.0107376616 40.7246507786
-74.0106466596 40.7444421654
-73.9689741364 40.7734511410
-73.9401673382 40.7858655459
-73.9657834419 40.7726403880
-73.9721648976 40.7742622261
-73.9913108679 40.7791357219
-73.9592126576 40.8104652086
-73.9868432838 40.7087554662
-73.9640462432 40.8018286255
-73.9577603130 40.7804757518
-73.9209349235 40.8006739207
-73.9802810976 40.7466649885
-73.9335968641 40.8236211298
-73.9382331502 40.8543902418
-73.9931374634 40.7301232493
-74.0091864217 40.7143541044
-73.9610438400 40.7615617722
-74.0172114350 40.7064570159
-73.9446120497 40.8560424532
-73.9964185136 40.7111529135
-74.0140191130 40.7056574237
-73.9723485528 40.7347798376
-73.9704271602 40.8034621750
-73.9624029037 40.8112833201
-73.9337875350 40.7842423310
-73.9273138761 40.8023024697
-73.9724376797 40.7150367987
-74.0011617643 40.7222428445
-73.9754486103 40.7553290470
-73.9594943543 40.7512953580
-73.9641412773 40.7820999422
-73.9130085425 40.7888082212
-73.9786396621 40.7561367766
-73.9193873169 40.7904311211
-73.9430672235 40.8457799760
-73.9222870719 40.8502656149
-73.9141643389 40.8776985794
-74.0074547836 40.7436351531
-74.0141066587 40.6858595366
-73.9914045374 40.7593710078
-73.9851135197 40.7379953315
-73.9639494107 40.8215560663
-74.0139297607 40.7254540828
-73.9254761537 40.8510898666
-73.9801888783 40.7664162339
-73.9705225091 40.7837254630
-73.9850219662 40.7577532292
-73.9787309025 40.7363869257
-73.9865710923 40.7680370415
-73.9366882325 40.8441321005
-73.9720703699 40.7940015666
-73.9173530155 40.8785279687
-73.9482818191 40.7583320826
-73.9463554785 40.8269008861
-73.9221869093 40.8699373093
-73.9416194105 40.8158211163
-73.9385252497 40.7953077803
-73.9479012359 40.8371641559
-73.9673318598 40.7829125362
-73.9995208381 40.7317305948
-73.9527351870 40.8285427766
-73.9238317076 40.8605146994
-73.9544753690 40.7993808074
-73.9285648228 40.8715941303
-73.9835629022 40.7277147020
-73.9607592102 40.8207357818
-73.9738988374 40.7450535500
-74.0043536633 40.7230451597
-73.9303095090 40.8424855711
-74.0058128101 40.7531239734
-73.9415218861 40.8355192708
-73.9126205410 40.8674546123
-73.9833799519 40.7672264716
-73.9498309731 40.7685915975
-73.9609507617 40.7812876808
-73.9094318855 40.8666277217
-73.9578532344 40.7607538541
-73.9559251415 40.8293642257
-73.9816425827 40.7964488751
-73.9915864679 40.7198378734
-73.9434504542 40.7669743989
-73.9253758326 40.8707655507
-73.9318545182 40.8527393801
-73.9996103904 40.7119527185
-74.0026211125 40.7523154405
-73.9336930968 40.8039323494
-73.9656892287 40.7923716976
-73.9881197060 40.7783226400
-73.9817375823 40.7766974759
-74.0041704806 40.7626105494
-74.0268769698 40.6890436973
-73.9608558850 40.8010123522
-73.9977873756 40.7609901140
-73.9770899341 40.7458591042
-74.0476749124 40.6843084718
-74.0090964008 40.7341440883
-73.9898549891 40.7490846245
-73.9864767574 40.7877950964
-73.9109757293 40.8768695284
-73.9496423206 40.8080128816
-73.9274079999 40.7826204419
-74.0204916808 40.6874509627
-73.9448092100 40.8166393900
-73.9771801957 40.7261106488
-73.9384296780 40.8150031770
-73.9400725855 40.8055635616
-73.9399760375 40.8252603377
-73.9737132252 40.7845387228
-73.9707977567 40.7245079097
-73.9352400125 40.8141855720
-73.9543790095 40.8190962196
-74.0123785657 40.7151552239
-74.0059943446 40.7135533138
-73.9302098466 40.8621678676
-73.9353354266 40.7944941735
-73.9433573403 40.7866776512
-73.9866636252 40.7482777485
-73.9561180180 40.7899293949
-73.9883948360 40.7190368739
-73.9464523420 40.8071961077
-73.9772686559 40.7063609664
-73.9756289771 40.7158361581
-74.0042629743 40.7428284721
-73.9832857742 40.7869805025
-73.9210287331 40.7809998772
-73.9269194469 40.8810181686
-73.9237305695 40.8801877631
-73.9449991872 40.7772313556
-73.9512852113 40.7985655356
-74.0108268577 40.7048581599
-73.9417151396 40.7961217197
-73.9687835962 40.8129205482
-73.9690667073 40.7537145801
-73.9528323661 40.8088299895
-73.9241243663 40.8014880290
-73.9351428037 40.8338757298
-74.0059044799 40.7333392602
-73.9350438008 40.8535646423
-73.9530213330 40.7694006931
-73.9365882533 40.8638223868
-74.0073621331 40.7634212661
-73.9575690764 40.8199158330
-73.9836516743 40.7079569724
